# id	left	top	right	bottom	texture_id
[SPRITES]
# Walking right
121100	1248	51	1263	77	10
121200	1264	51	1279	77	10
# Walking left
122100	112	51	127	77	10
122200	96	51	111	77	10
# Tortoiseshell
123100	128	48	143	63	10
123200	144	48	159	63	10
123300	160	48	175	63	10
123400	176	48	191	63	10
123500	128	64	143	79	10

# ani_id	sprite1_id	time1	sprite2_id	time2	...
[ANIMATIONS]
120100	121100	100	121200	100
120200	122100	100	122200	100
120300	123100	10000
120400	123100	100	123200	100	123300	100	123400	100
120500	123100	100	123500	100
