# id	left	top	right	bottom	texture_id
[SPRITES]
#####  BIG ###############
#IDLE
11121	246	154	259	181	0
11111	186	154	199	181	0

#WALKING RIGHT
11222	275	154	290	181	0
11223	304	154	321	181	0

#WALKING LEFT
11212	155	154	170	181	0
11213	125	154	140	181	0

#RUNNING RIGHT
11321	334	154	355	181	0
11322	362	154	380	181	0
11323	392	154	413	181	0

#RUNNING LEFT
11311	91	154	112	181	0
11312	65	154	86	181	0
11313	34	154	55	181	0

#JUMP WALK RIGHT
11417	395	275	412	302	0
11413	35	275	52	302	0

#JUMP RUN RIGHT & LEFT
11427	394	195	413	222	0
11423	35	195	52	222	0

#SIT RIGHT & LEFT 
11521	426	239	441	256	0
11511	5	239	20	256	0

#BRACE RIGHT & LEFT 
11621	425	154	442	181	0
11611	5	154	22	181	0

# KICK RIGHT & LEFT
11721	423	239	443	256	0
11711	2	274	22	300	0

#DIE
13001	215	120	234	137	0

############ SMALL ################
 #IDLE
12121	247	0	260	15	0
12111	187	0	200	15	0

#WALK RIGHT
12222	275	0	292	15	0
12223	306	0	321	15	0

#WALK LEFT
12212	155	0	170	15	0
12213	125	0	140	15	0

#RUN RIGHT
12321	275	0	290	15	0
12322	306	0	321	15	0
12323	335	0	350	15	0

#RUN LEFT
12311	155	0	170	15	0
12312	125	0	140	15	0
12313	95	0	110	15	0

#BRACE RIGHT & LEFT
12511	6	0	19	15	0
12521	426	0	439	15	0

#JUMP WALK RIGHT & LEFT 
12413	35	80	50	95	0
12417	395	80	410	95	0

#JUMP RUN RIGHT & LEFT 
12423	65	40	80	55	0
12427	365	40	380	55	0

#KICK RIGHT & LEFT
12711	425	80	440	95	0
12721	5	15	20	40	0

############ RACCOON ################
#IDLE LEFT & RIGHT
14011	1	74	32	101	50
14012	1	107	32	134	50

#WALK LEFT & RIGHT
14021	34	74	65	101	50
14022	67	74	98	101	50
14023	34	107	65	134	50
14024	67	107	98	134	50

#WAG TAIL LEFT & RIGHT
14031	100	74	131	101	50
14032	133	74	164	101	50
14033	100	107	131	134	50
14034	133	107	164	134	50

#DUCK LEFT & RIGHT
14041	166	84	197	101	50
14042	166	117	197	134	50

#JUMP LEFT & RIGHT
14051	232	74	263	101	50
14052	232	107	263	134	50

#SKID LEFT & RIGHT
14061	265	72	296	101	50
14062	265	105	296	134	50

#RUN LEFT & RIGHT
14071	364	74	395	101	50
14072	397	74	428	101	50
14073	430	74	461	101	50
14074	364	107	395	134	50
14075	397	107	428	134	50
14076	430	107	461	134	50

#FLY LEFT & RIGHT
14081	463	74	494	101	50
14082	496	74	527	101	50
14083	529	74	560	101	50
14084	463	107	494	134	50
14085	496	107	527	134	50
14086	529	107	560	134	50

# ani_id	sprite1_id	time1	sprite2_id	time2	...
[ANIMATIONS]
400	11121	100
401	11111	100

#WALKING RIGHT & LEFT 
500	11121	100	11222	100	11223	100
501	11111	100	11212	100	11213	100

#RUNNING RIGHT & LEFT
600	11321	50	11322	50	11323	50
601	11311	50	11312	50	11313	50

#JUMP WALK
700	11417	100
701	11413	100

#JUMP RUN
800	11427	100
801	11423	100

#SIT RIGHT & LEFT 
900	11521	100
901	11511	100

#BRACE RIGHT & LEFT 
1000	11621	100
1001	11611	100

#KICK RIGHT & LEFT
1101	11721	100
1100	11711	100

#DIE
999	13001	100

################### SMALL #################
1100	12121	100
1102	12111	100


#WALK LEFT & RIGHT 
1200	12121	100	12222	100	12223	100
1201	12111	100	12212	100	12213	100

#RUN LEFT & RIGHT
1300	12321	100	12322	100	12323	100
1301	12311	100	12312	100	12313	100

#BRACE LEFT & RIGHT
1401	12511	100
1400	12521	100

#JUMP WALK
1500	12417	100
1501	12413	100

#JUMP RUN 
1601	12423	100
1600	12427	100

#KICK RIGHT & LEFT
1700	12711	100
1701	12721	100


################### RACCOON #################
#IDLE LEFT & RIGHT
2011	14011	10000
2012	14012	10000

#WALK LEFT & RIGHT
2021	14011	100	14021	100	14022	100
2022	14012	100	14023	100	14024	100

#JUMP FALLING LEFT & RIGHT
2031	14031	10000
2032	14033	10000

#WAG TAIL LEFT & RIGHT
2041	14022	100	14032	100
2042	14024	100	14034	100

#DUCK LEFT & RIGHT
2051	14041	10000
2052	14042	10000

#JUMP WALK LEFT & RIGHT
2061	14051	10000
2062	14052	10000

#JUMP RUN LEFT & RIGHT
2071	14081	10000
2072	14084	10000

#SKID LEFT & RIGHT
2081	14061	10000
2082	14062	10000

#RUN LEFT & RIGHT
2091	14071	100	14072	100	14073	100
2092	14074	100	14075	100	14076	100

#FLY LEFT & RIGHT
2101	14083	100	14082	100
2102	14086	100	14085	100

#FLY FALL LEFT & RIGHT
2111	14083	10000
2112	14086	10000
