# id	left	top	right	bottom	texture_id
[SPRITES]
# GUN RED DOWN LEFT
61100	128	144	143	175	10
61200	144	144	159	175	10
61101	32	144	47	175	10
61201	48	144	63	175	10
# GUN RED UP LEFT
61300	160	144	175	175	10
61400	176	144	191	175	10
61301	64	144	79	175	10
61401	80	144	95	175	10
# GUN RED UP RIGHT
61500	1200	144	1215	175	10
61600	1184	144	1199	175	10
61501	1296	144	1311	175	10
61601	1280	144	1295	175	10
# GUN RED DOWN RIGHT
61700	1232	144	1247	175	10
61800	1216	144	1231	175	10
61701	1328	144	1343	175	10
61801	1312	144	1327	175	10

# ani_id	sprite1_id	time1	sprite2_id	time2	...
[ANIMATIONS]
61100	61100	100	61200	100
61300	61300	100	61400	100
61500	61500	100	61600	100
61700	61700	100	61800	100

61101	61101	100	61201	100
61301	61301	100	61401	100
61501	61501	100	61601	100
61701	61701	100	61801	100